0 11 0 11 0 
0 1 0 11 0 
0 1 0 11 0 
13 30 1 25 1 
0 0 0 0 0 
5 12 1 4 1 
9 0 0 0 0 
0 0 0 0 0 
-3 -8 -1 0 -1 
5 10 0 5 0 
6 18 2 8 2 
3 7 0 5 0 
3 7 0 5 0 
3 4 6 0 0 
8 19 1 9 1 
3 5 6 11 0 
2 3 0 0 0 
0 1 -5 11 0 
2 3 0 0 0 
0 1 0 11 0 
8 20 1 20 1 
0 0 0 0 0 
0 1 0 11 0 
0 0 0 0 0 
5 12 1 4 1 
8 19 1 9 1 
-3 -8 -1 0 -1 
0 -1 0 0 0 
6 15 -5 14 0 
0 -2 -5 0 0 
6 9 0 10 0 
6 18 2 8 2 
2 3 0 0 0 
3 7 0 5 0 
9 21 7 20 1 
0 5 0 0 0 
1 1 6 0 0 
-3 -6 -1 22 -1 
0 0 0 0 0 
0 0 0 0 0 
-5 -17 -1 0 -2 
2 3 0 0 0 
9 0 0 0 0 
17 17 2 8 2 
3 9 1 4 1 
0 0 0 0 0 
-2 -3 0 0 0 
5 12 1 4 1 
0 -2 0 0 0 
0 0 -4 0 -1 
0 0 0 0 0 
-2 -4 0 0 0 
9 21 0 15 0 
3 10 1 15 1 
6 -8 -1 0 -1 
8 -4 -1 0 -1 
3 10 1 15 1 
0 0 0 0 0 
14 6 0 10 0 
3 6 0 5 0 
12 10 1 4 1 
17 23 2 24 2 
2 3 0 0 0 
7 15 1 4 1 
20 27 1 14 1 
0 1 0 11 0 
5 12 1 4 1 
0 -2 -5 0 0 
0 0 0 0 0 
-2 -4 0 0 0 
6 16 1 9 1 
5 11 -4 15 1 
7 2 0 0 0 
-3 -5 0 5 0 
0 0 0 0 0 
9 24 2 13 2 
0 0 0 0 0 
22 34 0 26 0 
0 0 0 0 0 
3 14 1 4 1 
0 0 0 0 0 
3 9 1 4 1 
0 -5 0 0 0 
6 16 1 14 1 
12 9 -3 4 1 
5 12 1 4 1 
11 30 3 12 3 
2 3 0 0 0 
3 7 0 5 0 
-3 -8 -1 0 -1 
0 1 0 11 0 
0 0 0 0 0 
8 19 1 9 1 
12 5 6 0 0 
3 8 0 16 0 
2 -1 0 11 0 
-2 -4 0 0 0 
2 3 0 0 0 
0 0 0 0 0 
0 -5 -5 0 0 
0 0 0 0 0 
0 -1 -1 5 -1 
-4 -8 0 0 0 
3 7 0 5 0 
-3 -13 -1 0 -1 
2 3 0 0 0 
2 -2 0 11 0 
0 -2 -1 5 -1 
0 -5 0 0 0 
3 9 1 4 1 
1 -4 6 0 0 
-2 -4 0 0 0 
0 0 0 0 0 
-3 -8 -1 0 -1 
-2 -9 0 0 -1 
3 8 1 4 1 
0 -1 0 0 0 
0 2 0 22 0 
0 -1 -1 5 -1 
3 9 1 4 1 
8 17 0 10 0 
8 21 2 8 2 
-1 -5 -1 0 -1 
8 -4 -1 0 -1 
-3 -13 -1 0 -1 
-2 -4 0 0 0 
5 10 0 5 0 
0 0 0 0 0 
-3 -9 -1 0 -1 
0 0 0 0 0 
0 -2 -5 0 0 
2 0 0 3 0 
6 14 0 10 0 
2 3 0 0 0 
-2 -4 0 0 0 
4 6 0 0 0 
-3 -8 -1 0 -1 
-3 -8 -1 0 -1 
0 -1 -1 5 -1 
-2 -4 0 0 0 
-1 1 1 4 1 
-3 -8 -1 0 -1 
12 11 1 15 1 
0 0 0 0 0 
3 5 6 11 0 
1 2 0 5 0 
6 16 1 9 1 
4 7 6 5 0 
0 -5 0 0 0 
3 9 1 4 1 
2 3 0 0 0 
-4 -8 0 0 0 
0 1 0 4 0 
0 1 0 11 0 
6 11 1 9 1 
0 1 0 11 0 
9 21 0 15 0 
2 3 0 0 0 
-2 -4 0 0 0 
0 0 0 0 0 
1 2 6 11 0 
0 -5 0 0 0 
-3 -8 -1 0 -1 
6 18 2 8 2 
-4 -8 0 0 0 
0 1 0 11 0 
3 7 0 5 0 
0 0 0 0 0 
21 10 1 4 1 
0 0 0 0 0 
-3 -8 -1 0 -1 
2 4 -1 27 -1 
-5 -17 -1 0 -2 
-2 -4 0 0 0 
4 13 -3 31 1 
-1 -3 0 11 0 
9 28 3 23 3 
9 3 0 15 0 
-3 -8 -1 0 -1 
9 1 0 0 0 
-5 -12 -1 0 -1 
0 0 0 0 0 
-2 -5 0 0 0 
7 17 7 9 1 
24 40 1 39 1 
0 0 0 0 0 
0 1 -5 11 0 
4 6 0 0 0 
9 22 8 8 2 
1 2 6 4 0 
6 9 0 0 0 
-3 -8 -1 0 -1 
2 2 0 0 0 
7 15 1 4 1 
17 22 2 8 2 
9 1 0 0 0 
-3 -8 -1 0 -1 
2 4 0 11 0 
2 3 0 0 0 
5 12 1 4 1 
0 0 0 0 0 
0 1 0 11 0 
7 15 6 10 0 
3 9 1 4 1 
3 8 0 16 0 
5 12 1 4 1 
0 0 0 0 0 
9 1 0 0 0 
5 12 -4 4 1 
-2 -4 0 0 0 
0 1 0 4 0 
2 5 0 22 0 
1 1 6 0 0 
2 -2 0 0 0 
6 -4 7 0 0 
0 5 0 0 0 
0 1 0 11 0 
11 -1 0 0 0 
3 9 1 4 1 
0 0 0 0 0 
0 1 0 11 0 
5 24 13 15 1 
2 3 0 0 0 
-2 -2 0 22 0 
-3 -9 -6 0 -1 
-3 -9 -1 0 -1 
0 1 0 11 0 
4 8 2 16 0 
0 0 0 0 0 
0 0 0 0 0 
0 1 0 11 0 
0 0 0 0 0 
0 0 0 0 0 
0 -1 0 0 0 
0 0 0 0 0 
7 15 1 4 1 
0 -1 0 5 0 
-2 -4 0 0 0 
11 4 0 0 0 
-3 -6 -1 22 -1 
7 10 0 8 0 
5 10 0 5 0 
5 11 -4 15 1 
3 9 1 4 1 
7 17 7 9 1 
3 5 -5 5 0 
3 7 0 5 0 
-2 -4 0 0 0 
8 17 2 19 2 
6 9 0 0 0 
-2 -4 0 0 0 
0 -2 -5 0 0 
-2 -9 0 0 0 
8 14 -4 9 1 
0 0 0 0 0 
11 24 0 15 0 
-2 -4 0 0 0 
4 14 -2 8 1 
20 29 2 13 2 
20 22 1 9 1 
9 4 -5 0 0 
-2 -3 0 11 0 
9 2 0 11 0 
8 -2 6 0 0 
-2 -4 0 0 0 
6 11 2 5 -1 
0 1 0 11 0 
5 8 1 15 1 
-2 -4 0 0 0 
31 28 0 59 0 
10 0 -1 11 -1 
3 9 1 4 1 
0 1 0 4 0 
12 10 0 20 0 
-6 -15 -2 11 -2 
1 2 6 4 0 
8 14 1 9 1 
3 7 0 5 0 
5 8 8 5 0 
5 10 0 5 0 
3 7 0 5 0 
0 1 0 11 0 
2 3 0 0 0 
0 0 0 0 0 
10 20 -1 19 -1 
0 0 0 0 0 
9 0 0 0 0 
3 8 0 16 0 
9 21 7 20 1 
3 7 0 5 0 
2 3 0 0 0 
2 3 0 0 0 
0 0 0 0 0 
0 0 0 0 0 
15 17 1 9 1 
-2 -4 0 0 0 
6 9 0 0 0 
5 6 5 5 -1 
-2 -4 0 0 0 
8 21 2 13 2 
0 0 0 0 0 
17 20 1 9 1 
0 0 0 0 0 
23 53 8 28 2 
9 1 0 0 0 
0 0 0 0 0 
0 0 0 0 0 
2 3 0 0 0 
0 -2 -5 0 0 
0 0 0 0 0 
2 3 0 0 0 
2 4 0 11 0 
2 15 -5 0 0 
0 0 0 0 0 
0 -5 -5 0 0 
3 9 1 4 1 
5 10 0 5 0 
0 -1 0 0 0 
3 9 1 4 1 
3 3 0 9 0 
6 9 0 0 0 
5 10 0 5 0 
0 0 0 0 0 
3 9 1 4 1 
5 7 13 15 1 
2 3 0 0 0 
-2 -4 0 0 0 
0 2 0 22 0 
9 1 0 0 0 
5 12 1 4 1 
3 7 0 5 0 
4 14 -2 8 1 
0 0 0 0 0 
0 0 0 0 0 
5 8 8 5 0 
0 0 0 0 0 
2 3 0 0 0 
5 18 1 4 1 
0 0 0 0 0 
7 -3 0 0 0 
26 14 0 10 0 
0 0 0 0 0 
3 8 0 16 0 
0 -2 -5 0 0 
3 10 -4 8 1 
6 16 1 9 1 
3 9 1 4 1 
-3 -8 -1 0 -1 
0 0 0 0 0 
2 2 0 0 0 
1 1 6 0 0 
9 1 0 0 0 
2 3 0 0 0 
1 3 0 5 0 
0 -6 0 0 0 
3 9 1 4 1 
5 12 1 4 1 
11 3 0 0 0 
3 9 1 4 1 
3 9 1 4 1 
3 7 0 5 0 
-2 -4 0 0 0 
0 -5 0 0 0 
-3 -8 -1 0 -1 
6 16 1 9 1 
6 16 1 9 1 
-2 -2 0 22 0 
0 0 0 0 0 
3 9 1 4 1 
0 -1 0 4 0 
5 11 0 16 0 
0 0 0 0 0 
29 6 0 0 0 
0 -5 0 0 0 
5 8 1 15 1 
3 9 1 4 1 
0 0 0 0 0 
0 0 0 0 0 
6 18 2 8 2 
-4 -14 0 0 0 
2 4 6 5 0 
0 0 0 0 0 
4 6 0 0 0 
0 -5 0 0 0 
8 21 2 8 2 
3 7 0 5 0 
-3 -8 -1 5 -1 
0 1 0 11 0 
6 13 0 10 0 
-3 3 -1 0 -1 
3 9 1 4 1 
13 6 -1 5 -1 
0 0 0 0 0 
-1 -5 -1 0 -1 
0 0 -4 0 -1 
9 18 1 4 1 
4 10 7 4 1 
-3 -13 -1 0 -1 
0 5 0 0 0 
-5 -9 0 5 0 
3 9 1 4 1 
6 16 1 9 1 
-3 -8 -1 0 -1 
0 0 0 0 0 
3 7 0 5 0 
9 -4 0 0 0 
2 2 -5 4 0 
13 32 2 24 2 
0 0 0 0 0 
5 12 1 4 1 
0 0 0 0 0 
10 22 0 37 0 
0 0 0 0 0 
3 7 0 5 0 
-3 -8 -1 0 -1 
0 1 0 4 0 
2 3 0 0 0 
7 11 0 19 0 
14 13 1 4 1 
0 0 0 0 0 
3 4 1 4 1 
-1 -2 6 4 0 
0 -2 -5 0 0 
-1 -4 0 0 0 
0 0 0 0 0 
2 0 -5 0 0 
3 9 1 4 1 
4 6 0 0 0 
8 16 0 10 0 
0 0 0 0 0 
-1 -4 0 0 0 
3 2 1 0 0 
-2 -9 0 0 0 
2 3 0 0 0 
4 7 6 5 0 
0 -5 0 0 0 
-2 -4 0 0 0 
0 0 0 5 0 
0 0 0 0 0 
0 0 0 0 0 
0 0 0 0 0 
5 12 1 4 1 
3 9 -4 4 1 
-2 -4 0 0 0 
21 32 1 30 1 
4 6 0 0 0 
3 7 0 5 0 
5 10 0 5 0 
7 10 0 8 0 
20 31 3 12 3 
0 0 0 0 0 
8 19 1 9 1 
0 -5 0 0 0 
0 0 0 0 0 
3 1 -1 0 -1 
2 3 0 0 0 
0 0 0 0 0 
0 0 0 0 0 
14 35 2 18 2 
5 10 0 5 0 
1 3 0 5 0 
0 0 0 0 0 
0 2 0 15 0 
3 7 0 5 0 
0 0 0 0 0 
0 0 0 0 0 
9 10 0 0 0 
0 0 0 0 0 
5 12 1 4 1 
2 3 0 0 0 
-2 -4 0 0 0 
7 10 0 8 0 
0 0 0 0 0 
0 0 -5 0 0 
3 9 1 4 1 
0 -6 0 0 0 
8 17 0 10 0 
0 -6 -1 8 -1 
-6 -15 -2 11 -2 
0 -2 -5 0 0 
0 1 0 11 0 
0 0 0 0 0 
0 0 0 0 0 
0 0 0 0 0 
5 12 1 4 1 
11 3 0 0 0 
3 8 0 16 0 
11 3 -6 5 -1 
-2 -4 0 0 0 
-5 -12 -1 0 -1 
0 0 0 0 0 
9 1 0 0 0 
0 -4 5 0 -1 
0 5 0 0 0 
12 32 2 18 2 
10 0 -1 11 -1 
-2 -4 0 0 0 
5 6 5 5 -1 
-2 -4 0 11 0 
5 12 1 4 1 
9 3 -1 38 -1 
3 9 1 4 1 
11 3 -1 5 -1 
2 3 0 0 0 
1 2 0 5 0 
9 25 2 13 2 
8 19 1 9 1 
9 18 6 10 0 
20 27 1 14 1 
17 35 1 24 1 
-7 -21 -3 0 -3 
11 19 0 5 0 
0 -2 -5 0 0 
12 32 2 18 2 
11 27 1 25 1 
0 0 0 0 0 
8 20 1 20 1 
6 16 1 9 1 
0 0 0 0 0 
3 10 1 15 1 
0 0 0 0 0 
0 0 0 0 0 
20 27 1 14 1 
1 1 6 0 0 
6 15 -5 14 0 
9 25 2 13 2 
0 5 0 0 0 
2 3 0 0 0 
5 12 1 4 1 
23 38 3 17 3 
0 -10 -4 0 -1 
2 1 -5 0 0 
0 0 0 0 0 
9 25 2 13 2 
0 -2 -5 0 0 
3 9 1 4 1 
0 0 0 0 0 
4 6 0 0 0 
3 9 1 4 1 
0 -5 0 0 0 
4 8 6 5 0 
0 0 0 0 0 
17 20 1 9 1 
6 -4 7 0 0 
0 0 0 0 0 
20 29 2 13 2 
-1 -6 -1 0 -1 
0 0 0 0 0 
11 24 0 15 0 
8 18 0 14 0 
5 9 0 5 0 
2 3 0 0 0 
14 29 4 12 3 
0 0 0 0 0 
15 20 -2 23 2 
2 3 0 0 0 
-6 -12 0 0 0 
0 -2 -5 0 0 
1 1 6 0 0 
3 7 0 5 0 
7 11 0 19 0 
-6 -17 -2 0 -2 
0 1 0 11 0 
0 -6 -1 8 -1 
3 7 0 5 0 
3 9 1 4 1 
0 0 0 0 0 
5 12 1 4 1 
6 -7 -6 0 -1 
0 0 0 0 0 
0 -1 0 0 0 
0 0 0 0 0 
0 -1 0 0 0 
2 -2 0 0 0 
0 -1 0 0 0 
2 3 0 0 0 
17 32 8 20 1 
0 0 0 0 0 
0 1 0 11 0 
